function mpc = case213

%   MATPOWER

%% MATPOWER Case Format : Version 2
mpc.version = '2';

%%-----  Power Flow Data  -----%%
%% system MVA base
mpc.baseMVA = 100;

%% bus data
%	bus_i	type	Pd	Qd	Gs	Bs	area	Vm	Va	baseKV	zone	Vmax	Vmin
mpc.bus = [
1	3	207.50777	0	0	0	1	1	0	788	1	1.1	0.9
2	1	207.50777	0	0	0	1	1	0	788	1	1.1	0.9
3	1	207.50777	0	0	0	1	1	0	788	1	1.1	0.9
4	1	207.50777	0	0	0	1	1	0	788	1	1.1	0.9
5	1	207.50777	0	0	0	1	1	0	788	1	1.1	0.9
6	2	0.00000	0	0	0	1	1	0	788	1	1.1	0.9
7	1	124.50466	0	0	0	1	1	0	788	1	1.1	0.9
8	2	0.00000	0	0	0	1	1	0	788	1	1.1	0.9
9	1	103.75388	0	0	0	1	1	0	345	1	1.1	0.9
10	1	2488.36398	0	0	0	1	1	0	345	1	1.1	0.9
11	2	0.00000	0	0	0	1	1	0	345	1	1.1	0.9
12	1	124.50466	0	0	0	1	1	0	788	1	1.1	0.9
13	2	0.00000	0	0	0	1	1	0	788	1	1.1	0.9
14	2	0.00000	0	0	0	1	1	0	788	1	1.1	0.9
15	1	0.00000	0	0	0	1	1	0	345	1	1.1	0.9
16	1	0.00000	0	0	0	1	1	0	345	1	1.1	0.9
17	2	0.00000	0	0	0	1	1	0	788	1	1.1	0.9
18	1	79.54464	0	0	0	1	1	0	788	1	1.1	0.9
19	2	0.00000	0	0	0	1	1	0	788	1	1.1	0.9
20	2	489.37249	0	0	0	1	1	0	345	1	1.1	0.9
21	1	103.75388	0	0	0	1	1	0	345	1	1.1	0.9
22	2	478.99710	0	0	0	1	1	0	345	1	1.1	0.9
23	2	0.00000	0	0	0	1	1	0	788	1	1.1	0.9
24	1	2382.88086	0	0	0	1	1	0	345	1	1.1	0.9
25	1	389.07706	0	0	0	1	1	0	345	1	1.1	0.9
26	2	864.61570	0	0	0	1	1	0	788	1	1.1	0.9
27	2	1417.96974	0	0	0	1	1	0	788	1	1.1	0.9
28	2	62.25233	0	0	0	1	1	0	788	1	1.1	0.9
29	2	0.00000	0	0	0	1	1	0	788	1	1.1	0.9
30	2	0.00000	0	0	0	1	1	0	788	1	1.1	0.9
31	1	145.25544	0	0	0	1	1	0	788	1	1.1	0.9
32	1	62.25233	0	0	0	1	1	0	788	1	1.1	0.9
33	2	1462.92976	0	0	0	1	1	0	788	1	1.1	0.9
34	1	1569.66277	0	0	0	1	1	0	788	1	1.1	0.9
35	1	0.00000	0	0	0	1	1	0	788	1	1.1	0.9
36	1	4604.94321	0	0	0	1	1	0	788	1	1.1	0.9
37	2	0.00000	0	0	0	1	1	0	345	1	1.1	0.9
38	2	484.18479	0	0	0	1	1	0	345	1	1.1	0.9
39	2	0.00000	0	0	0	1	1	0	345	1	1.1	0.9
40	2	4572.08781	0	0	0	1	1	0	345	1	1.1	0.9
41	2	1390.30204	0	0	0	1	1	0	345	1	1.1	0.9
												
42	1	55.25524	0	0	0	1	1	0	788	2	1.1	0.9
43	1	55.25524	0	0	0	1	1	0	788	2	1.1	0.9
44	2	1964.63067	0	0	0	1	1	0	788	2	1.1	0.9
45	1	2072.07141	0	0	0	1	1	0	788	2	1.1	0.9
46	2	0.00000	0	0	0	1	1	0	788	2	1.1	0.9
47	1	110.51048	0	0	0	1	1	0	788	2	1.1	0.9
48	1	223.16977	0	0	0	1	1	0	345	2	1.1	0.9
49	2	2072.07141	0	0	0	1	1	0	345	2	1.1	0.9
50	2	0.00000	0	0	0	1	1	0	788	2	1.1	0.9
51	2	3752.75156	0	0	0	1	1	0	788	2	1.1	0.9
52	1	0.00000	0	0	0	1	1	0	345	2	1.1	0.9
53	2	0.00000	0	0	0	1	1	0	345	2	1.1	0.9
54	2	987.68737	0	0	0	1	1	0	345	2	1.1	0.9
55	2	0.00000	0	0	0	1	1	0	345	2	1.1	0.9
56	2	0.00000	0	0	0	1	1	0	345	2	1.1	0.9
57	2	0.00000	0	0	0	1	1	0	788	2	1.1	0.9
58	2	0.00000	0	0	0	1	1	0	788	2	1.1	0.9
59	2	429.76296	0	0	0	1	1	0	788	2	1.1	0.9
60	2	0.00000	0	0	0	1	1	0	345	2	1.1	0.9
61	2	613.94709	0	0	0	1	1	0	345	2	1.1	0.9
62	2	0.00000	0	0	0	1	1	0	345	2	1.1	0.9
63	2	0.00000	0	0	0	1	1	0	345	2	1.1	0.9
64	2	0.00000	0	0	0	1	1	0	345	2	1.1	0.9
65	2	0.00000	0	0	0	1	1	0	788	2	1.1	0.9
66	1	0.00000	0	0	0	1	1	0	788	2	1.1	0.9
67	2	18.41841	0	0	0	1	1	0	788	2	1.1	0.9
68	2	0.00000	0	0	0	1	1	0	345	2	1.1	0.9
69	2	0.00000	0	0	0	1	1	0	345	2	1.1	0.9
70	2	0.00000	0	0	0	1	1	0	345	2	1.1	0.9
71	2	0.00000	0	0	0	1	1	0	345	2	1.1	0.9
72	2	0.00000	0	0	0	1	1	0	788	2	1.1	0.9
73	2	0.00000	0	0	0	1	1	0	345	2	1.1	0.9
74	2	0.00000	0	0	0	1	1	0	345	2	1.1	0.9
75	2	0.00000	0	0	0	1	1	0	345	2	1.1	0.9
76	2	0.00000	0	0	0	1	1	0	345	2	1.1	0.9
77	2	0.00000	0	0	0	1	1	0	345	2	1.1	0.9
78	2	0.00000	0	0	0	1	1	0	345	2	1.1	0.9
79	2	0.00000	0	0	0	1	1	0	345	2	1.1	0.9
80	2	419.01889	0	0	0	1	1	0	345	2	1.1	0.9
81	2	0.00000	0	0	0	1	1	0	788	2	1.1	0.9
82	2	0.00000	0	0	0	1	1	0	345	2	1.1	0.9
83	2	0.00000	0	0	0	1	1	0	788	2	1.1	0.9
84	2	613.94709	0	0	0	1	1	0	345	2	1.1	0.9
85	2	2309.97591	0	0	0	1	1	0	345	2	1.1	0.9
86	1	1565.56507	0	0	0	1	1	0	345	2	1.1	0.9
87	1	1818.81824	0	0	0	1	1	0	345	2	1.1	0.9
88	2	415.94915	0	0	0	1	1	0	345	2	1.1	0.9
89	2	0.00000	0	0	0	1	1	0	345	2	1.1	0.9
90	1	1375.24147	0	0	0	1	1	0	345	2	1.1	0.9
91	1	85.95259	0	0	0	1	1	0	345	2	1.1	0.9
												
92	2	1204.97352	0	0	0	1	1	0	788	3	1.1	0.9
93	2	926.90270	0	0	0	1	1	0	788	3	1.1	0.9
94	1	0.00000	0	0	0	1	1	0	788	3	1.1	0.9
95	1	0.00000	0	0	0	1	1	0	345	3	1.1	0.9
96	2	0.00000	0	0	0	1	1	0	345	3	1.1	0.9
97	2	0.00000	0	0	0	1	1	0	788	3	1.1	0.9
98	2	0.00000	0	0	0	1	1	0	788	3	1.1	0.9
99	1	2169.53164	0	0	0	1	1	0	788	3	1.1	0.9
100	2	2078.77242	0	0	0	1	1	0	788	3	1.1	0.9
101	2	0.00000	0	0	0	1	1	0	345	3	1.1	0.9
102	2	0.00000	0	0	0	1	1	0	345	3	1.1	0.9
103	2	0.00000	0	0	0	1	1	0	345	3	1.1	0.9
104	2	0.00000	0	0	0	1	1	0	345	3	1.1	0.9
105	2	0.00000	0	0	0	1	1	0	345	3	1.1	0.9
106	2	0.00000	0	0	0	1	1	0	788	3	1.1	0.9
107	2	0.00000	0	0	0	1	1	0	788	3	1.1	0.9
108	1	86.89713	0	0	0	1	1	0	345	3	1.1	0.9
109	2	0.00000	0	0	0	1	1	0	115	3	1.1	0.9
110	2	0.00000	0	0	0	1	1	0	345	3	1.1	0.9
111	1	0.00000	0	0	0	1	1	0	345	3	1.1	0.9
112	2	0.00000	0	0	0	1	1	0	345	3	1.1	0.9
113	2	0.00000	0	0	0	1	1	0	788	3	1.1	0.9
114	2	0.00000	0	0	0	1	1	0	115	3	1.1	0.9
115	2	0.00000	0	0	0	1	1	0	115	3	1.1	0.9
116	2	0.00000	0	0	0	1	1	0	345	3	1.1	0.9
117	2	0.00000	0	0	0	1	1	0	115	3	1.1	0.9
118	2	0.00000	0	0	0	1	1	0	115	3	1.1	0.9
119	2	0.00000	0	0	0	1	1	0	345	3	1.1	0.9
120	2	0.00000	0	0	0	1	1	0	345	3	1.1	0.9
121	2	0.00000	0	0	0	1	1	0	345	3	1.1	0.9
122	2	0.00000	0	0	0	1	1	0	115	3	1.1	0.9
123	2	0.00000	0	0	0	1	1	0	345	3	1.1	0.9
124	2	0.00000	0	0	0	1	1	0	345	3	1.1	0.9
125	2	0.00000	0	0	0	1	1	0	788	3	1.1	0.9
126	1	0.00000	0	0	0	1	1	0	788	3	1.1	0.9
127	1	0.00000	0	0	0	1	1	0	788	3	1.1	0.9
128	2	62.75904	0	0	0	1	1	0	788	3	1.1	0.9
129	2	1484.00985	0	0	0	1	1	0	345	3	1.1	0.9
130	2	0.00000	0	0	0	1	1	0	345	3	1.1	0.9
131	1	0.00000	0	0	0	1	1	0	345	3	1.1	0.9
132	2	816.83301	0	0	0	1	1	0	115	3	1.1	0.9
133	2	231.72568	0	0	0	1	1	0	115	3	1.1	0.9
134	2	147.72512	0	0	0	1	1	0	115	3	1.1	0.9
135	1	1179.86990	0	0	0	1	1	0	115	3	1.1	0.9
136	2	0.00000	0	0	0	1	1	0	345	3	1.1	0.9
137	2	0.00000	0	0	0	1	1	0	345	3	1.1	0.9
												
138	1	97.90678	0	0	0	1	1	0	525	4	1.1	0.9
139	1	97.90678	0	0	0	1	1	0	525	4	1.1	0.9
140	1	97.90678	0	0	0	1	1	0	525	4	1.1	0.9
141	1	97.90678	0	0	0	1	1	0	525	4	1.1	0.9
142	2	0.00000	0	0	0	1	1	0	788	4	1.1	0.9
143	2	1231.99369	0	0	0	1	1	0	788	4	1.1	0.9
144	1	1373.95852	0	0	0	1	1	0	345	4	1.1	0.9
145	1	195.81357	0	0	0	1	1	0	788	4	1.1	0.9
146	1	117.48814	0	0	0	1	1	0	788	4	1.1	0.9
147	2	0.00000	0	0	0	1	1	0	788	4	1.1	0.9
148	1	117.48814	0	0	0	1	1	0	788	4	1.1	0.9
149	1	117.48814	0	0	0	1	1	0	788	4	1.1	0.9
150	1	117.48814	0	0	0	1	1	0	788	4	1.1	0.9
151	1	195.81357	0	0	0	1	1	0	788	4	1.1	0.9
152	1	117.48814	0	0	0	1	1	0	788	4	1.1	0.9
153	1	195.81357	0	0	0	1	1	0	788	4	1.1	0.9
154	1	848.52545	0	0	0	1	1	0	788	4	1.1	0.9
155	2	463.42544	0	0	0	1	1	0	788	4	1.1	0.9
156	2	1620.35726	0	0	0	1	1	0	788	4	1.1	0.9
157	1	117.48814	0	0	0	1	1	0	788	4	1.1	0.9
158	2	3981.54252	0	0	0	1	1	0	788	4	1.1	0.9
159	2	0.00000	0	0	0	1	1	0	788	4	1.1	0.9
160	1	234.97628	0	0	0	1	1	0	788	4	1.1	0.9
161	2	818.66389	0	0	0	1	1	0	788	4	1.1	0.9
162	2	0.00000	0	0	0	1	1	0	525	4	1.1	0.9
163	2	2842.56027	0	0	0	1	1	0	345	4	1.1	0.9
												
164	2	0.00000	0	0	0	1	1	0	788	5	1.1	0.9
165	2	0.00000	0	0	0	1	1	0	230	5	1.1	0.9
166	2	0.00000	0	0	0	1	1	0	115	5	1.1	0.9
167	2	0.00000	0	0	0	1	1	0	115	5	1.1	0.9
168	2	0.00000	0	0	0	1	1	0	115	5	1.1	0.9
169	2	0.00000	0	0	0	1	1	0	230	5	1.1	0.9
170	2	0.00000	0	0	0	1	1	0	230	5	1.1	0.9
171	2	0.00000	0	0	0	1	1	0	788	5	1.1	0.9
172	1	0.00000	0	0	0	1	1	0	525	5	1.1	0.9
173	1	0.00000	0	0	0	1	1	0	525	5	1.1	0.9
174	1	0.00000	0	0	0	1	1	0	525	5	1.1	0.9
175	1	0.00000	0	0	0	1	1	0	525	5	1.1	0.9
176	1	0.00000	0	0	0	1	1	0	788	5	1.1	0.9
177	2	0.00000	0	0	0	1	1	0	788	5	1.1	0.9
178	2	0.00000	0	0	0	1	1	0	788	5	1.1	0.9
179	1	99.17805	0	0	0	1	1	0	788	5	1.1	0.9
180	1	0.00000	0	0	0	1	1	0	788	5	1.1	0.9
181	1	0.00000	0	0	0	1	1	0	788	5	1.1	0.9
182	1	4656.98148	0	0	0	1	1	0	788	5	1.1	0.9
183	1	274.64690	0	0	0	1	1	0	788	5	1.1	0.9
184	2	0.00000	0	0	0	1	1	0	788	5	1.1	0.9
185	1	274.64690	0	0	0	1	1	0	788	5	1.1	0.9
