function mpc = case213

%   MATPOWER

%% MATPOWER Case Format : Version 2
mpc.version = '2';

%%-----  Power Flow Data  -----%%
%% system MVA base
mpc.baseMVA = 100;

%% bus data
%	bus_i	type	Pd	Qd	Gs	Bs	area	Vm	Va	baseKV	zone	Vmax	Vmin
mpc.bus = [
1	3	207.5078	0	0	0	1	1	0	788	1	1.1	0.9
2	2	207.5078	0	0	0	1	1	0	788	1	1.1	0.9
3	2	207.5078	0	0	0	1	1	0	788	1	1.1	0.9
4	2	207.5078	0	0	0	1	1	0	788	1	1.1	0.9
5	2	207.5078	0	0	0	1	1	0	788	1	1.1	0.9
6	1	0.0000	0	0	0	1	1	0	788	1	1.1	0.9
7	2	124.5047	0	0	0	1	1	0	788	1	1.1	0.9
8	1	0.0000	0	0	0	1	1	0	788	1	1.1	0.9
9	2	103.7539	0	0	0	1	1	0	345	1	1.1	0.9
10	2	2488.3640	0	0	0	1	1	0	345	1	1.1	0.9
11	1	0.0000	0	0	0	1	1	0	345	1	1.1	0.9
12	2	124.5047	0	0	0	1	1	0	788	1	1.1	0.9
13	1	0.0000	0	0	0	1	1	0	788	1	1.1	0.9
14	1	0.0000	0	0	0	1	1	0	788	1	1.1	0.9
15	2	0.0000	0	0	0	1	1	0	345	1	1.1	0.9
16	2	0.0000	0	0	0	1	1	0	345	1	1.1	0.9
17	1	0.0000	0	0	0	1	1	0	788	1	1.1	0.9
18	2	79.5446	0	0	0	1	1	0	788	1	1.1	0.9
19	1	0.0000	0	0	0	1	1	0	788	1	1.1	0.9
20	1	489.3725	0	0	0	1	1	0	345	1	1.1	0.9
21	2	103.7539	0	0	0	1	1	0	345	1	1.1	0.9
22	1	478.9971	0	0	0	1	1	0	345	1	1.1	0.9
23	1	0.0000	0	0	0	1	1	0	788	1	1.1	0.9
24	2	2382.8809	0	0	0	1	1	0	345	1	1.1	0.9
25	2	389.0771	0	0	0	1	1	0	345	1	1.1	0.9
26	1	864.6157	0	0	0	1	1	0	788	1	1.1	0.9
27	1	1417.9697	0	0	0	1	1	0	788	1	1.1	0.9
28	1	62.2523	0	0	0	1	1	0	788	1	1.1	0.9
29	1	0.0000	0	0	0	1	1	0	788	1	1.1	0.9
30	1	0.0000	0	0	0	1	1	0	788	1	1.1	0.9
31	2	145.2554	0	0	0	1	1	0	788	1	1.1	0.9
32	2	62.2523	0	0	0	1	1	0	788	1	1.1	0.9
33	1	1462.9298	0	0	0	1	1	0	788	1	1.1	0.9
34	2	1569.6628	0	0	0	1	1	0	788	1	1.1	0.9
35	2	0.0000	0	0	0	1	1	0	788	1	1.1	0.9
36	2	4604.9432	0	0	0	1	1	0	788	1	1.1	0.9
37	1	0.0000	0	0	0	1	1	0	345	1	1.1	0.9
38	1	484.1848	0	0	0	1	1	0	345	1	1.1	0.9
39	1	0.0000	0	0	0	1	1	0	345	1	1.1	0.9
40	1	4572.0878	0	0	0	1	1	0	345	1	1.1	0.9
41	1	1390.3020	0	0	0	1	1	0	345	1	1.1	0.9
												
42	2	55.2552	0	0	0	2	1	0	788	2	1.1	0.9
43	2	55.2552	0	0	0	2	1	0	788	2	1.1	0.9
44	1	1964.6307	0	0	0	2	1	0	788	2	1.1	0.9
45	2	2072.0714	0	0	0	2	1	0	788	2	1.1	0.9
46	1	0.0000	0	0	0	2	1	0	788	2	1.1	0.9
47	2	110.5105	0	0	0	2	1	0	788	2	1.1	0.9
48	2	223.1698	0	0	0	2	1	0	345	2	1.1	0.9
49	1	1672.0714	0	0	0	2	1	0	345	2	1.1	0.9
50	1	0.0000	0	0	0	2	1	0	788	2	1.1	0.9
51	1	3752.7516	0	0	0	2	1	0	788	2	1.1	0.9
52	2	0.0000	0	0	0	2	1	0	345	2	1.1	0.9
53	1	0.0000	0	0	0	2	1	0	345	2	1.1	0.9
54	1	987.6874	0	0	0	2	1	0	345	2	1.1	0.9
55	1	0.0000	0	0	0	2	1	0	345	2	1.1	0.9
56	1	0.0000	0	0	0	2	1	0	345	2	1.1	0.9
57	1	0.0000	0	0	0	2	1	0	788	2	1.1	0.9
58	1	0.0000	0	0	0	2	1	0	788	2	1.1	0.9
59	1	329.7630	0	0	0	2	1	0	788	2	1.1	0.9
60	1	0.0000	0	0	0	2	1	0	345	2	1.1	0.9
61	1	613.9471	0	0	0	2	1	0	345	2	1.1	0.9
62	1	0.0000	0	0	0	2	1	0	345	2	1.1	0.9
63	1	0.0000	0	0	0	2	1	0	345	2	1.1	0.9
64	1	0.0000	0	0	0	2	1	0	345	2	1.1	0.9
65	1	0.0000	0	0	0	2	1	0	788	2	1.1	0.9
66	2	0.0000	0	0	0	2	1	0	788	2	1.1	0.9
67	1	18.4184	0	0	0	2	1	0	788	2	1.1	0.9
68	1	0.0000	0	0	0	2	1	0	345	2	1.1	0.9
69	1	0.0000	0	0	0	2	1	0	345	2	1.1	0.9
70	1	0.0000	0	0	0	2	1	0	345	2	1.1	0.9
71	1	0.0000	0	0	0	2	1	0	345	2	1.1	0.9
72	1	0.0000	0	0	0	2	1	0	788	2	1.1	0.9
73	1	0.0000	0	0	0	2	1	0	345	2	1.1	0.9
74	1	0.0000	0	0	0	2	1	0	345	2	1.1	0.9
75	1	0.0000	0	0	0	2	1	0	345	2	1.1	0.9
76	1	0.0000	0	0	0	2	1	0	345	2	1.1	0.9
77	1	0.0000	0	0	0	2	1	0	345	2	1.1	0.9
78	1	0.0000	0	0	0	2	1	0	345	2	1.1	0.9
79	1	0.0000	0	0	0	2	1	0	345	2	1.1	0.9
80	1	419.0189	0	0	0	2	1	0	345	2	1.1	0.9
81	1	0.0000	0	0	0	2	1	0	788	2	1.1	0.9
82	1	0.0000	0	0	0	2	1	0	345	2	1.1	0.9
83	1	0.0000	0	0	0	2	1	0	788	2	1.1	0.9
84	1	613.9471	0	0	0	2	1	0	345	2	1.1	0.9
85	1	2309.9759	0	0	0	2	1	0	345	2	1.1	0.9
86	2	1565.5651	0	0	0	2	1	0	345	2	1.1	0.9
87	2	1818.8182	0	0	0	2	1	0	345	2	1.1	0.9
88	1	415.9492	0	0	0	2	1	0	345	2	1.1	0.9
89	1	0.0000	0	0	0	2	1	0	345	2	1.1	0.9
90	2	1375.2415	0	0	0	2	1	0	345	2	1.1	0.9
91	2	85.9526	0	0	0	2	1	0	345	2	1.1	0.9
												
92	1	1204.9735	0	0	0	3	1	0	788	3	1.1	0.9
93	1	926.9027	0	0	0	3	1	0	788	3	1.1	0.9
94	2	0.0000	0	0	0	3	1	0	788	3	1.1	0.9
95	2	0.0000	0	0	0	3	1	0	345	3	1.1	0.9
96	1	0.0000	0	0	0	3	1	0	345	3	1.1	0.9
97	1	0.0000	0	0	0	3	1	0	788	3	1.1	0.9
98	1	0.0000	0	0	0	3	1	0	788	3	1.1	0.9
99	2	2169.5316	0	0	0	3	1	0	788	3	1.1	0.9
100	1	2078.7724	0	0	0	3	1	0	788	3	1.1	0.9
101	1	0.0000	0	0	0	3	1	0	345	3	1.1	0.9
102	1	0.0000	0	0	0	3	1	0	345	3	1.1	0.9
103	1	0.0000	0	0	0	3	1	0	345	3	1.1	0.9
104	1	0.0000	0	0	0	3	1	0	345	3	1.1	0.9
105	1	0.0000	0	0	0	3	1	0	345	3	1.1	0.9
106	1	0.0000	0	0	0	3	1	0	788	3	1.1	0.9
107	1	0.0000	0	0	0	3	1	0	788	3	1.1	0.9
108	2	86.8971	0	0	0	3	1	0	345	3	1.1	0.9
109	1	0.0000	0	0	0	3	1	0	115	3	1.1	0.9
110	1	0.0000	0	0	0	3	1	0	345	3	1.1	0.9
111	2	0.0000	0	0	0	3	1	0	345	3	1.1	0.9
112	1	0.0000	0	0	0	3	1	0	345	3	1.1	0.9
113	1	0.0000	0	0	0	3	1	0	788	3	1.1	0.9
114	1	0.0000	0	0	0	3	1	0	115	3	1.1	0.9
115	1	0.0000	0	0	0	3	1	0	115	3	1.1	0.9
116	1	0.0000	0	0	0	3	1	0	345	3	1.1	0.9
117	1	0.0000	0	0	0	3	1	0	115	3	1.1	0.9
118	1	0.0000	0	0	0	3	1	0	115	3	1.1	0.9
119	1	0.0000	0	0	0	3	1	0	345	3	1.1	0.9
120	1	0.0000	0	0	0	3	1	0	345	3	1.1	0.9
121	1	0.0000	0	0	0	3	1	0	345	3	1.1	0.9
122	1	0.0000	0	0	0	3	1	0	115	3	1.1	0.9
123	1	0.0000	0	0	0	3	1	0	345	3	1.1	0.9
124	1	0.0000	0	0	0	3	1	0	345	3	1.1	0.9
125	1	0.0000	0	0	0	3	1	0	788	3	1.1	0.9
126	2	0.0000	0	0	0	3	1	0	788	3	1.1	0.9
127	2	0.0000	0	0	0	3	1	0	788	3	1.1	0.9
128	1	62.7590	0	0	0	3	1	0	788	3	1.1	0.9
129	1	1484.0099	0	0	0	3	1	0	345	3	1.1	0.9
130	1	0.0000	0	0	0	3	1	0	345	3	1.1	0.9
131	2	0.0000	0	0	0	3	1	0	345	3	1.1	0.9
132	1	816.8330	0	0	0	3	1	0	115	3	1.1	0.9
133	1	231.7257	0	0	0	3	1	0	115	3	1.1	0.9
134	1	147.7251	0	0	0	3	1	0	115	3	1.1	0.9
135	2	1179.8699	0	0	0	3	1	0	115	3	1.1	0.9
136	1	0.0000	0	0	0	3	1	0	345	3	1.1	0.9
137	1	0.0000	0	0	0	3	1	0	345	3	1.1	0.9
												
138	2	97.9068	0	0	0	4	1	0	525	4	1.1	0.9
139	2	97.9068	0	0	0	4	1	0	525	4	1.1	0.9
140	2	97.9068	0	0	0	4	1	0	525	4	1.1	0.9
141	2	97.9068	0	0	0	4	1	0	525	4	1.1	0.9
142	1	0.0000	0	0	0	4	1	0	788	4	1.1	0.9
143	1	1231.9937	0	0	0	4	1	0	788	4	1.1	0.9
144	2	1373.9585	0	0	0	4	1	0	345	4	1.1	0.9
145	2	195.8136	0	0	0	4	1	0	788	4	1.1	0.9
146	2	117.4881	0	0	0	4	1	0	788	4	1.1	0.9
147	1	0.0000	0	0	0	4	1	0	788	4	1.1	0.9
148	2	117.4881	0	0	0	4	1	0	788	4	1.1	0.9
149	2	117.4881	0	0	0	4	1	0	788	4	1.1	0.9
150	2	117.4881	0	0	0	4	1	0	788	4	1.1	0.9
151	2	195.8136	0	0	0	4	1	0	788	4	1.1	0.9
152	2	117.4881	0	0	0	4	1	0	788	4	1.1	0.9
153	2	195.8136	0	0	0	4	1	0	788	4	1.1	0.9
154	2	848.5255	0	0	0	4	1	0	788	4	1.1	0.9
155	1	463.4254	0	0	0	4	1	0	788	4	1.1	0.9
156	1	1620.3573	0	0	0	4	1	0	788	4	1.1	0.9
157	2	117.4881	0	0	0	4	1	0	788	4	1.1	0.9
158	1	3981.5425	0	0	0	4	1	0	788	4	1.1	0.9
159	1	0.0000	0	0	0	4	1	0	788	4	1.1	0.9
160	2	234.9763	0	0	0	4	1	0	788	4	1.1	0.9
161	1	818.6639	0	0	0	4	1	0	788	4	1.1	0.9
162	1	0.0000	0	0	0	4	1	0	525	4	1.1	0.9
163	1	2842.5603	0	0	0	4	1	0	345	4	1.1	0.9
												
164	1	0.0000	0	0	0	5	1	0	788	5	1.1	0.9
165	1	0.0000	0	0	0	5	1	0	230	5	1.1	0.9
166	1	0.0000	0	0	0	5	1	0	115	5	1.1	0.9
167	1	0.0000	0	0	0	5	1	0	115	5	1.1	0.9
168	1	0.0000	0	0	0	5	1	0	115	5	1.1	0.9
169	1	0.0000	0	0	0	5	1	0	230	5	1.1	0.9
170	1	0.0000	0	0	0	5	1	0	230	5	1.1	0.9
171	1	0.0000	0	0	0	5	1	0	788	5	1.1	0.9
172	2	0.0000	0	0	0	5	1	0	525	5	1.1	0.9
173	2	0.0000	0	0	0	5	1	0	525	5	1.1	0.9
174	2	0.0000	0	0	0	5	1	0	525	5	1.1	0.9
175	2	0.0000	0	0	0	5	1	0	525	5	1.1	0.9
176	2	0.0000	0	0	0	5	1	0	788	5	1.1	0.9
177	1	0.0000	0	0	0	5	1	0	788	5	1.1	0.9
178	1	0.0000	0	0	0	5	1	0	788	5	1.1	0.9
179	2	99.1780	0	0	0	5	1	0	788	5	1.1	0.9
180	2	0.0000	0	0	0	5	1	0	788	5	1.1	0.9
181	2	0.0000	0	0	0	5	1	0	788	5	1.1	0.9
182	2	4656.9815	0	0	0	5	1	0	788	5	1.1	0.9
183	2	274.6469	0	0	0	5	1	0	788	5	1.1	0.9
184	1	0.0000	0	0	0	5	1	0	788	5	1.1	0.9
185	2	274.6469	0	0	0	5	1	0	788	5	1.1	0.9
186	2	274.6469	0	0	0	5	1	0	788	5	1.1	0.9
187	2	274.6469	0	0	0	5	1	0	788	5	1.1	0.9
188	2	274.6469	0	0	0	5	1	0	788	5	1.1	0.9
189	2	274.6469	0	0	0	5	1	0	788	5	1.1	0.9
190	2	274.6469	0	0	0	5	1	0	788	5	1.1	0.9
